]633;C]633;E;for n in 3 50  100 500 1000 2000\x3b do gcc -O3 -DN=$n tp1.c -o tp1\x3b ./tp1\x3bdone > note3.txt;5e410215-7f87-49fd-801a-1995aeb539e3Evaluation : N=3, type=float
COPY_ij	14.8889	16.2222	17.3333	16	13.5556	14.8889	15.7778	14.8889	16	17.1111	15.5556	15.5556	14.8889	15.7778	15.3333	15.7778

copy_ij: 15.555556 
 
COPY_ji	15.5556	17.1111	18.2222	15.7778	14.6667	14.2222	14.8889	16.2222	16.6667	14.2222	14.6667	13.3333	17.1111	13.3333	14.4444	17.3333

copy_ji: 14.888889 
 
Evaluation : N=50, type=float
COPY_ij	13.9272	0.1776	0.1544	0.1464	0.1464	0.1456	0.1456	0.1432	0.1448	0.1464	0.1456	0.1432	0.1456	0.1456	0.1464	0.1456

copy_ij: 0.145600 
 
COPY_ji	0.4672	0.2792	0.2784	0.2784	0.2784	0.2792	0.2792	0.2784	0.2776	0.2784	0.2792	0.2784	0.2792	0.2776	0.2792	0.2784

copy_ji: 0.278400 
 
Evaluation : N=100, type=float
COPY_ij	12.0214	0.2488	0.2448	0.2392	0.2414	0.239	0.2376	0.2428	0.24	0.2406	0.2386	0.2404	0.2382	0.2374	0.2382	0.2396

copy_ij: 0.239600 
 
COPY_ji	0.5118	0.4988	0.4982	0.4956	0.495	0.4954	0.4962	0.4958	0.4964	0.4968	0.4972	0.4972	0.4972	0.4968	0.4968	0.4964

copy_ji: 0.496800 
 
Evaluation : N=500, type=float
COPY_ij	11.6743	0.412688	0.423728	0.419416	0.42684	0.425424	0.430848	0.430176	0.430192	0.43468	0.4306	0.426272	0.437976	0.426992	0.423704	0.434376

copy_ij: 0.426992 
 
COPY_ji	0.807144	0.607864	0.718664	0.508024	0.508272	0.508184	0.507784	0.507768	0.507896	0.508016	0.507976	0.50784	0.507744	0.507856	0.507976	0.508016

copy_ji: 0.507976 
 
Evaluation : N=1000, type=float
COPY_ij	11.6212	0.427076	0.438658	0.43613	0.498662	0.433046	0.435204	0.434544	0.435814	0.51127	0.529954	0.510862	0.436356	0.434588	0.437776	0.435948

copy_ij: 0.436130 
 
COPY_ji	0.999112	1.04572	0.791852	0.553154	0.525062	0.52897	0.524806	0.6346	0.541568	0.560888	1.18065	1.35798	0.79092	0.563038	0.519442	0.52709

copy_ji: 0.560888 
 
Evaluation : N=2000, type=float
COPY_ij	12.3493	0.457361	0.461302	0.435491	0.452204	0.433078	0.45278	0.447593	0.433477	0.595314	0.794468	0.926532	0.963887	1.35425	0.706445	0.644209

copy_ij: 0.461302 
 
COPY_ji	1.7589	1.54127	1.18845	1.13766	1.00689	0.985635	1.0698	2.98723	1.85975	1.57635	1.05879	1.0712	1.0184	1.00048	0.967264	0.969795

copy_ji: 1.069797 
 
